object Form1: TForm1
  Left = 0
  Top = 0
  Caption = 'Form1'
  ClientHeight = 549
  ClientWidth = 349
  FormFactor.Width = 320
  FormFactor.Height = 480
  FormFactor.Devices = [Desktop]
  DesignerMasterStyle = 0
  object Button1: TButton
    Position.X = 104.000000000000000000
    Position.Y = 96.000000000000000000
    Size.Width = 217.000000000000000000
    Size.Height = 89.000000000000000000
    Size.PlatformDefault = False
    TabOrder = 0
    Text = 'ADMINISTRA'#199#195'O'
  end
end
