object Form2: TForm2
  Left = 0
  Top = 0
  Caption = 'Form2'
  ClientHeight = 480
  ClientWidth = 360
  FormFactor.Width = 320
  FormFactor.Height = 480
  FormFactor.Devices = [Desktop]
  DesignerMasterStyle = 0
  object Label1: TLabel
    StyledSettings = [Family, FontColor]
    Position.X = 24.000000000000000000
    Position.Y = 72.000000000000000000
    Size.Width = 161.000000000000000000
    Size.Height = 33.000000000000000000
    Size.PlatformDefault = False
    TextSettings.Font.Size = 20.000000000000000000
    TextSettings.Font.StyleExt = {00070000000000000004000000}
    Text = 'Valor Total Pago:'
    TabOrder = 1
  end
end
